#
0
#
1
0
0
0
2004585794
4
#
2
0
0
0
2004585794
4
5
#
3
0
0
0
2004585794
5
#
4
0
0
0
2004585794
5
1
#
5
0
0
0
1
5
#
6
0
0
0
1
5
1
#
7
0
0
0
1
5
1
5
#
8
0
0
0
1
5
1
5
1
#
9
0
0
0
1
5
1
6
#
10
0
0
0
1
5
1
#
11
0
0
0
1
5
#
12
0
0
0
1
5
1
#
13
0
0
0
1
5
1
#
14
0
0
0
1
5
1
#
15
0
0
0
1
5
1
1
#
16
0
0
0
1
5
1
1
1
#
17
0
0
0
1
5
1
2
#
18
0
0
0
2
5
1
#
19
0
0
0
2
5
1
#
6
0
0
0
2
5
1
2
#
7
0
0
0
2
5
1
2
5
#
8
0
0
0
2
5
1
2
5
1
#
9
0
0
0
2
5
1
2
6
#
10
0
0
0
2
5
1
1
#
11
0
0
0
2
5
1
#
12
0
0
0
2
5
1
2
#
13
0
0
0
2
5
1
2
#
14
0
0
0
2
5
1
2
#
15
0
0
0
2
5
1
2
2
#
16
0
0
0
2
5
1
2
2
1
#
17
0
0
0
2
5
1
2
3
#
18
0
0
0
3
5
1
2
#
19
0
0
0
3
5
1
2
#
6
0
0
0
3
5
1
2
3
#
7
0
0
0
3
5
1
2
3
5
#
8
0
0
0
3
5
1
2
3
5
1
#
9
0
0
0
3
5
1
2
3
6
#
10
0
0
0
3
5
1
2
1
#
11
0
0
0
3
5
1
2
#
12
0
0
0
3
5
1
2
3
#
13
0
0
0
3
5
1
2
3
#
14
0
0
0
3
5
1
2
3
#
15
0
0
0
3
5
1
2
3
3
#
16
0
0
0
3
5
1
2
3
3
1
#
17
0
0
0
3
5
1
2
3
4
#
18
0
0
0
4
5
1
2
3
#
19
0
0
0
4
5
1
2
3
#
6
0
0
0
4
5
1
2
3
4
#
7
0
0
0
4
5
1
2
3
4
5
#
8
0
0
0
4
5
1
2
3
4
5
1
#
9
0
0
0
4
5
1
2
3
4
6
#
10
0
0
0
4
5
1
2
3
1
#
11
0
0
0
4
5
1
2
3
#
12
0
0
0
4
5
1
2
3
4
#
13
0
0
0
4
5
1
2
3
4
#
14
0
0
0
4
5
1
2
3
4
#
15
0
0
0
4
5
1
2
3
4
4
#
16
0
0
0
4
5
1
2
3
4
4
1
#
17
0
0
0
4
5
1
2
3
4
5
#
18
0
0
0
5
5
1
2
3
4
#
19
0
0
0
5
5
1
2
3
4
#
6
0
0
0
5
5
1
2
3
4
5
#
7
0
0
0
5
5
1
2
3
4
5
5
#
8
0
0
0
5
5
1
2
3
4
5
5
1
#
9
0
0
0
5
5
1
2
3
4
5
6
#
10
0
0
0
5
5
1
2
3
4
1
#
11
0
0
0
5
5
1
2
3
4
#
12
0
0
0
5
5
1
2
3
4
5
#
13
0
0
0
5
5
1
2
3
4
5
#
14
0
0
0
5
5
1
2
3
4
5
#
15
0
0
0
5
5
1
2
3
4
5
5
#
16
0
0
0
5
5
1
2
3
4
5
5
1
#
17
0
0
0
5
5
1
2
3
4
5
6
#
18
0
0
0
6
5
1
2
3
4
5
#
19
0
0
0
6
5
1
2
3
4
5
#
6
0
0
0
6
5
1
2
3
4
5
6
#
7
0
0
0
6
5
1
2
3
4
5
6
5
#
8
0
0
0
6
5
1
2
3
4
5
6
5
1
#
9
0
0
0
6
5
1
2
3
4
5
6
6
#
10
0
0
0
6
5
1
2
3
4
5
1
#
11
0
0
0
6
5
1
2
3
4
5
#
12
0
0
0
6
5
1
2
3
4
5
6
#
13
0
0
0
6
5
1
2
3
4
5
6
#
14
0
0
0
6
5
1
2
3
4
5
6
#
15
0
0
0
6
5
1
2
3
4
5
6
6
#
16
0
0
0
6
5
1
2
3
4
5
6
6
1
#
17
0
0
0
6
5
1
2
3
4
5
6
7
#
18
0
0
0
7
5
1
2
3
4
5
6
#
19
0
0
0
7
5
1
2
3
4
5
6
#
6
0
0
0
7
5
1
2
3
4
5
6
7
#
7
0
0
0
7
5
1
2
3
4
5
6
7
5
#
8
0
0
0
7
5
1
2
3
4
5
6
7
5
1
#
9
0
0
0
7
5
1
2
3
4
5
6
7
6
#
10
0
0
0
7
5
1
2
3
4
5
6
0
#
11
0
0
0
7
5
1
2
3
4
5
6
#
20
