#
0
#
1
0
0
0
2007862594
#
2
0
0
0
2007862594
1
#
3
0
0
0
1
#
4
0
0
0
1
1
#
5
0
0
0
1
1
3
#
6
0
0
0
1
1
3
2
#
7
0
0
0
1
1
6
#
8
0
0
0
1
1
#
9
0
0
0
1
#
10
0
0
0
1
1
#
11
0
0
0
1
1
#
12
0
0
0
1
#
13
0
0
0
1
1
#
14
0
0
0
1
1
#
15
0
0
0
1
1
#
16
0
0
0
1
1
#
17
0
0
0
1
1
1
#
18
0
0
0
1
1
1
1
#
19
0
0
0
1
1
2
#
20
0
0
0
2
1
#
21
0
0
0
2
1
#
4
0
0
0
2
1
2
#
5
0
0
0
2
1
2
3
#
6
0
0
0
2
1
2
3
2
#
7
0
0
0
2
1
2
6
#
8
0
0
0
2
1
1
#
9
0
0
0
2
1
#
10
0
0
0
2
1
2
#
11
0
0
0
2
1
0
#
12
0
0
0
2
1
#
17
0
0
0
2
1
2
#
18
0
0
0
2
1
2
1
#
19
0
0
0
2
1
3
#
20
0
0
0
3
1
#
21
0
0
0
3
1
#
4
0
0
0
3
1
3
#
5
0
0
0
3
1
3
3
#
6
0
0
0
3
1
3
3
2
#
7
0
0
0
3
1
3
6
#
8
0
0
0
3
1
1
#
9
0
0
0
3
1
#
10
0
0
0
3
1
3
#
11
0
0
0
3
1
1
#
12
0
0
0
3
1
#
13
0
0
0
3
1
3
#
14
0
0
0
3
1
3
#
15
0
0
0
3
1
3
#
16
0
0
0
3
1
3
#
17
0
0
0
3
1
3
3
#
18
0
0
0
3
1
3
3
1
#
19
0
0
0
3
1
3
4
#
20
0
0
0
4
1
3
#
21
0
0
0
4
1
3
#
4
0
0
0
4
1
3
4
#
5
0
0
0
4
1
3
4
3
#
6
0
0
0
4
1
3
4
3
2
#
7
0
0
0
4
1
3
4
6
#
8
0
0
0
4
1
3
1
#
9
0
0
0
4
1
3
#
10
0
0
0
4
1
3
4
#
11
0
0
0
4
1
3
0
#
12
0
0
0
4
1
3
#
17
0
0
0
4
1
3
4
#
18
0
0
0
4
1
3
4
1
#
19
0
0
0
4
1
3
5
#
20
0
0
0
5
1
3
#
21
0
0
0
5
1
3
#
4
0
0
0
5
1
3
5
#
5
0
0
0
5
1
3
5
3
#
6
0
0
0
5
1
3
5
3
2
#
7
0
0
0
5
1
3
5
6
#
8
0
0
0
5
1
3
1
#
9
0
0
0
5
1
3
#
10
0
0
0
5
1
3
5
#
11
0
0
0
5
1
3
1
#
12
0
0
0
5
1
3
#
13
0
0
0
5
1
3
5
#
14
0
0
0
5
1
3
5
#
15
0
0
0
5
1
3
5
#
16
0
0
0
5
1
3
5
#
17
0
0
0
5
1
3
5
5
#
18
0
0
0
5
1
3
5
5
1
#
19
0
0
0
5
1
3
5
6
#
20
0
0
0
6
1
3
5
#
21
0
0
0
6
1
3
5
#
4
0
0
0
6
1
3
5
6
#
5
0
0
0
6
1
3
5
6
3
#
6
0
0
0
6
1
3
5
6
3
2
#
7
0
0
0
6
1
3
5
6
6
#
8
0
0
0
6
1
3
5
1
#
9
0
0
0
6
1
3
5
#
10
0
0
0
6
1
3
5
6
#
11
0
0
0
6
1
3
5
0
#
12
0
0
0
6
1
3
5
#
17
0
0
0
6
1
3
5
6
#
18
0
0
0
6
1
3
5
6
1
#
19
0
0
0
6
1
3
5
7
#
20
0
0
0
7
1
3
5
#
21
0
0
0
7
1
3
5
#
4
0
0
0
7
1
3
5
7
#
5
0
0
0
7
1
3
5
7
3
#
6
0
0
0
7
1
3
5
7
3
2
#
7
0
0
0
7
1
3
5
7
6
#
8
0
0
0
7
1
3
5
0
#
9
0
0
0
7
1
3
5
#
22
